#bin	chrom	chromStart	chromEnd	name	length	cpgNum	gcNum	perCpg	perGc	obsExp
623	chrX	5045048	5045348	CpG: 30	300	30	186	20	62	1.04
623	chrX	5045673	5045885	CpG: 18	212	18	143	17	67.5	0.75
627	chrX	5624409	5625565	CpG: 122	1156	122	697	21.1	60.3	1.16
628	chrX	5659058	5660486	CpG: 99	1428	99	912	13.9	63.9	0.68
628	chrX	5749416	5750566	CpG: 128	1150	128	716	22.3	62.3	1.15
630	chrX	5977200	5978019	CpG: 77	819	77	590	18.8	72	0.73
637	chrX	6895698	6896565	CpG: 80	867	80	590	18.5	68.1	0.8
639	chrX	7150509	7151636	CpG: 100	1127	100	699	17.7	62	0.92
639	chrX	7187252	7187475	CpG: 18	223	18	133	16.1	59.6	0.92
640	chrX	7215612	7215888	CpG: 23	276	23	166	16.7	60.1	0.95
640	chrX	7225753	7225982	CpG: 19	229	19	157	16.6	68.6	0.71
640	chrX	7248302	7248599	CpG: 27	297	27	207	18.2	69.7	0.75
640	chrX	7274275	7274543	CpG: 28	268	28	168	20.9	62.7	1.06
640	chrX	7291295	7291719	CpG: 46	424	46	288	21.7	67.9	0.94
640	chrX	7305500	7305818	CpG: 28	318	28	196	17.6	61.6	0.93
640	chrX	7327636	7328179	CpG: 48	543	48	335	17.7	61.7	0.93
9	chrX	7339624	7340134	CpG: 43	510	43	344	16.9	67.5	0.75
641	chrX	7418693	7419822	CpG: 116	1129	116	736	20.5	65.2	0.97
641	chrX	7455139	7455915	CpG: 65	776	65	497	16.8	64	0.82
641	chrX	7461175	7461747	CpG: 45	572	45	352	15.7	61.5	0.86
642	chrX	7476363	7476777	CpG: 43	414	43	269	20.8	65	0.99
642	chrX	7499179	7500213	CpG: 88	1034	88	688	17	66.5	0.77
642	chrX	7524785	7525395	CpG: 47	610	47	391	15.4	64.1	0.87
643	chrX	7651016	7651967	CpG: 85	951	85	558	17.9	58.7	1.09
643	chrX	7673612	7674034	CpG: 46	422	46	286	21.8	67.8	0.95
643	chrX	7706141	7706391	CpG: 19	250	19	166	15.2	66.4	0.72
643	chrX	7722391	7722998	CpG: 57	607	57	380	18.8	62.6	0.96
644	chrX	7752794	7753293	CpG: 45	499	45	323	18	64.7	0.87
644	chrX	7769779	7770048	CpG: 25	269	25	178	18.6	66.2	0.85
644	chrX	7783435	7783846	CpG: 40	411	40	285	19.5	69.3	0.81
649	chrX	8469447	8470058	CpG: 61	611	61	412	20	67.4	0.88
651	chrX	8776948	8777936	CpG: 105	988	105	694	21.3	70.2	0.86
652	chrX	8849743	8850396	CpG: 76	653	76	427	23.3	65.4	1.09
652	chrX	8905150	8905372	CpG: 21	222	21	153	18.9	68.9	0.8
659	chrX	9793528	9794012	CpG: 41	484	41	302	16.9	62.4	0.87
663	chrX	10294288	10295821	CpG: 105	1533	105	918	13.7	59.9	0.76
669	chrX	11069190	11069515	CpG: 26	325	26	194	16	59.7	0.9
670	chrX	11241696	11242467	CpG: 70	771	70	493	18.2	63.9	0.89
671	chrX	11384167	11385045	CpG: 86	878	86	544	19.6	62	1.02
673	chrX	11576157	11576584	CpG: 48	427	48	304	22.5	71.2	0.89
673	chrX	11583406	11584522	CpG: 102	1116	102	699	18.3	62.6	0.94
673	chrX	11653987	11659041	CpG: 407	5054	407	3083	16.1	61	0.87
84	chrX	11664108	11669186	CpG: 378	5078	378	3159	14.9	62.2	0.77
674	chrX	11704883	11705948	CpG: 94	1065	94	661	17.7	62.1	0.92
674	chrX	11710432	11710938	CpG: 47	506	47	338	18.6	66.8	0.84
674	chrX	11712698	11713179	CpG: 41	481	41	260	17	54.1	1.18
674	chrX	11713762	11714689	CpG: 69	927	69	583	14.9	62.9	0.75
674	chrX	11717294	11717725	CpG: 43	431	43	308	20	71.5	0.78
674	chrX	11729669	11729955	CpG: 21	286	21	166	14.7	58	0.88
674	chrX	11732946	11733408	CpG: 34	462	34	291	14.7	63	0.75
674	chrX	11735580	11737699	CpG: 144	2119	144	1278	13.6	60.3	0.76
675	chrX	11829565	11829897	CpG: 24	332	24	196	14.5	59	0.83
677	chrX	12164546	12165291	CpG: 61	745	61	477	16.4	64	0.81
678	chrX	12250422	12250783	CpG: 31	361	31	235	17.2	65.1	0.81
679	chrX	12338580	12339555	CpG: 106	975	106	661	21.7	67.8	0.96
680	chrX	12513945	12514166	CpG: 25	221	25	156	22.6	70.6	0.91
681	chrX	12648784	12650215	CpG: 149	1431	149	962	20.8	67.2	0.92
683	chrX	12857959	12859234	CpG: 132	1275	132	884	20.7	69.3	0.88
684	chrX	13038687	13039181	CpG: 40	494	40	319	16.2	64.6	0.78
684	chrX	13063090	13063833	CpG: 98	743	98	542	26.4	72.9	1
687	chrX	13423056	13424231	CpG: 128	1175	128	765	21.8	65.1	1.03
708	chrX	16195580	16196085	CpG: 50	505	50	338	19.8	66.9	0.88
720	chrX	17738954	17740694	CpG: 157	1740	157	1129	18	64.9	0.86
734	chrX	19637013	19638246	CpG: 130	1233	130	824	21.1	66.8	0.95
736	chrX	19868596	19869147	CpG: 53	551	53	374	19.2	67.9	0.86
737	chrX	20002337	20003355	CpG: 106	1018	106	712	20.8	69.9	0.88
739	chrX	20194158	20195516	CpG: 92	1358	92	790	13.5	58.2	0.81
739	chrX	20265392	20265947	CpG: 52	555	52	331	18.7	59.6	1.05
739	chrX	20281006	20281700	CpG: 52	694	52	427	15	61.5	0.87
740	chrX	20425758	20425969	CpG: 19	211	19	131	18	62.1	0.96
741	chrX	20497514	20498302	CpG: 78	788	78	527	19.8	66.9	0.91
741	chrX	20538719	20539330	CpG: 49	611	49	358	16	58.6	0.94
744	chrX	20937941	20938198	CpG: 27	257	27	155	21	60.3	1.16
760	chrX	22941764	22942016	CpG: 24	252	24	169	19	67.1	0.85
762	chrX	23269922	23270610	CpG: 56	688	56	434	16.3	63.1	0.85
840	chrX	33428488	33429387	CpG: 79	899	79	605	17.6	67.3	0.78
841	chrX	33565579	33565916	CpG: 27	337	27	221	16	65.6	0.75
841	chrX	33651942	33652443	CpG: 52	501	52	363	20.8	72.5	0.81
843	chrX	33868326	33869508	CpG: 110	1182	110	771	18.6	65.2	0.88
843	chrX	33869936	33870268	CpG: 26	332	26	205	15.7	61.7	0.83
845	chrX	34137982	34138858	CpG: 81	876	81	600	18.5	68.5	0.8
845	chrX	34184904	34185286	CpG: 45	382	45	272	23.6	71.2	0.94
846	chrX	34283642	34284045	CpG: 32	403	32	288	15.9	71.5	0.63
846	chrX	34335479	34336439	CpG: 79	960	79	619	16.5	64.5	0.79
847	chrX	34347772	34348131	CpG: 33	359	33	220	18.4	61.3	0.99
847	chrX	34404075	34404439	CpG: 32	364	32	199	17.6	54.7	1.18
847	chrX	34414233	34415128	CpG: 87	895	87	582	19.4	65	0.93
848	chrX	34588386	34589816	CpG: 102	1430	102	924	14.3	64.6	0.69
849	chrX	34625086	34625339	CpG: 25	253	25	153	19.8	60.5	1.11
849	chrX	34650101	34650554	CpG: 35	453	35	266	15.5	58.7	0.92
849	chrX	34666923	34667315	CpG: 49	392	49	259	25	66.1	1.17
849	chrX	34730893	34731741	CpG: 82	848	82	535	19.3	63.1	0.97
853	chrX	35180089	35180332	CpG: 17	243	17	137	14	56.4	0.88
853	chrX	35254798	35255041	CpG: 17	243	17	138	14	56.8	0.87
855	chrX	35474278	35474947	CpG: 50	669	50	382	14.9	57.1	0.92
856	chrX	35534005	35534429	CpG: 30	424	30	267	14.2	63	0.73
856	chrX	35542807	35543395	CpG: 62	588	62	402	21.1	68.4	0.9
859	chrX	35917838	35918351	CpG: 51	513	51	363	19.9	70.8	0.81
859	chrX	35988154	35988518	CpG: 29	364	29	213	15.9	58.5	0.94
880	chrX	38754556	38754765	CpG: 15	209	15	114	14.4	54.5	1.09
884	chrX	39264218	39265161	CpG: 74	943	74	569	15.7	60.3	0.86
885	chrX	39421143	39421659	CpG: 44	516	44	341	17.1	66.1	0.81
886	chrX	39502052	39503720	CpG: 150	1668	150	1012	18	60.7	0.98
903	chrX	41720942	41721157	CpG: 24	215	24	154	22.3	71.6	0.9
906	chrX	42142541	42143284	CpG: 68	743	68	492	18.3	66.2	0.84
930	chrX	45245374	45245648	CpG: 22	274	22	176	16.1	64.2	0.78
930	chrX	45265560	45265847	CpG: 25	287	25	177	17.4	61.7	0.92
931	chrX	45387394	45388000	CpG: 59	606	59	421	19.5	69.5	0.81
932	chrX	45609777	45610153	CpG: 28	376	28	212	14.9	56.4	0.95
933	chrX	45638837	45639245	CpG: 38	408	38	282	18.6	69.1	0.82
933	chrX	45667845	45668289	CpG: 34	444	34	294	15.3	66.2	0.72
933	chrX	45693956	45695505	CpG: 123	1549	123	897	15.9	57.9	0.95
933	chrX	45696819	45697411	CpG: 47	592	47	368	15.9	62.2	0.84
933	chrX	45698564	45698963	CpG: 39	399	39	296	19.5	74.2	0.82
934	chrX	45763111	45763540	CpG: 29	429	29	275	13.5	64.1	0.66
934	chrX	45806082	45807839	CpG: 136	1757	136	951	15.5	54.1	1.06
934	chrX	45866420	45866827	CpG: 39	407	39	267	19.2	65.6	0.92
935	chrX	45947278	45947562	CpG: 29	284	29	199	20.4	70.1	0.84
936	chrX	46048134	46048493	CpG: 38	359	38	237	21.2	66	1
942	chrX	46846979	46847518	CpG: 42	539	42	344	15.6	63.8	0.78
949	chrX	47726871	47727189	CpG: 26	318	26	180	16.4	56.6	1.02
952	chrX	48194485	48195064	CpG: 40	579	40	389	13.8	67.2	0.61
954	chrX	48371126	48372246	CpG: 94	1120	94	645	16.8	57.6	1.02
955	chrX	48557986	48559433	CpG: 109	1447	109	805	15.1	55.6	0.99
959	chrX	49033085	49034766	CpG: 151	1681	151	1130	18	67.2	0.8
962	chrX	49517322	49518719	CpG: 120	1397	120	904	17.2	64.7	0.83
966	chrX	49965542	49965744	CpG: 16	202	16	126	15.8	62.4	0.82
966	chrX	49966706	49967437	CpG: 53	731	53	437	14.5	59.8	0.82
967	chrX	50097439	50097832	CpG: 35	393	35	266	17.8	67.7	0.79
967	chrX	50125747	50125951	CpG: 18	204	18	116	17.6	56.9	1.1
967	chrX	50144286	50144542	CpG: 19	256	19	169	14.8	66	0.68
968	chrX	50265258	50265850	CpG: 66	592	66	408	22.3	68.9	0.94
969	chrX	50341179	50341800	CpG: 66	621	66	449	21.3	72.3	0.84
969	chrX	50409923	50410508	CpG: 51	585	51	324	17.4	55.4	1.23
971	chrX	50622620	50623183	CpG: 40	563	40	356	14.2	63.2	0.72
973	chrX	50946283	50946741	CpG: 35	458	35	300	15.3	65.5	0.71
973	chrX	50972960	50973418	CpG: 35	458	35	300	15.3	65.5	0.71
974	chrX	51019596	51019915	CpG: 36	319	36	219	22.6	68.7	0.96
974	chrX	51059653	51059904	CpG: 17	251	17	162	13.5	64.5	0.78
976	chrX	51277833	51278172	CpG: 35	339	35	216	20.6	63.7	1.03
988	chrX	52896504	52896737	CpG: 18	233	18	161	15.5	69.1	0.65
994	chrX	53627632	53628131	CpG: 48	499	48	342	19.2	68.5	0.83
994	chrX	53708566	53709152	CpG: 52	586	52	398	17.7	67.9	0.78
995	chrX	53850930	53851404	CpG: 45	474	45	302	19	63.7	0.95
995	chrX	53862913	53863346	CpG: 43	433	43	306	19.9	70.7	0.8
996	chrX	53984461	53985306	CpG: 92	845	92	546	21.8	64.6	1.07
999	chrX	54306346	54307178	CpG: 89	832	89	560	21.4	67.3	0.94
1001	chrX	54645747	54646215	CpG: 35	468	35	269	15	57.5	0.92
1002	chrX	54756690	54757085	CpG: 40	395	40	274	20.3	69.4	0.84
1006	chrX	55271882	55272127	CpG: 19	245	19	139	15.5	56.7	0.97
1006	chrX	55272362	55272593	CpG: 17	231	17	141	14.7	61	0.79
1006	chrX	55283508	55283981	CpG: 36	473	36	308	15.2	65.1	0.72
1006	chrX	55284665	55285085	CpG: 42	420	42	279	20	66.4	0.91
1006	chrX	55291274	55292266	CpG: 78	992	78	621	15.7	62.6	0.81
1015	chrX	56387182	56387998	CpG: 70	816	70	490	17.2	60	0.96
1018	chrX	56820411	56821470	CpG: 93	1059	93	629	17.6	59.4	1
1024	chrX	57656694	57657760	CpG: 112	1066	112	666	21	62.5	1.08
1025	chrX	57800550	57800761	CpG: 36	211	36	171	34.1	81	1.07
1025	chrX	57801067	57801351	CpG: 23	284	23	157	16.2	55.3	1.12
1028	chrX	58143972	58144295	CpG: 24	323	24	173	14.9	53.6	1.04
1028	chrX	58145073	58147714	CpG: 225	2641	225	1622	17	61.4	0.91
1054	chrX	61528949	61529189	CpG: 28	240	28	171	23.3	71.2	0.92
1054	chrX	61529879	61530210	CpG: 33	331	33	217	19.9	65.6	0.96
1088	chrX	65931358	65932587	CpG: 117	1229	117	790	19	64.3	0.93
1089	chrX	66074270	66074576	CpG: 35	306	35	227	22.9	74.2	0.84
1093	chrX	66613632	66613925	CpG: 39	293	39	220	26.6	75.1	0.95
1100	chrX	67618046	67618336	CpG: 26	290	26	159	17.9	54.8	1.2
1101	chrX	67730083	67730385	CpG: 27	302	27	181	17.9	59.9	1.03
1106	chrX	68303155	68303554	CpG: 36	399	36	246	18	61.7	0.96
1106	chrX	68304162	68304464	CpG: 21	302	21	179	13.9	59.3	0.79
1108	chrX	68617808	68618344	CpG: 62	536	62	403	23.1	75.2	0.82
1109	chrX	68808884	68810412	CpG: 146	1528	146	872	19.1	57.1	1.18
1110	chrX	68917393	68917893	CpG: 62	500	62	340	24.8	68	1.08
1111	chrX	69061787	69062330	CpG: 64	543	64	371	23.6	68.3	1.02
1113	chrX	69207622	69208386	CpG: 68	764	68	559	17.8	73.2	0.68
1115	chrX	69520042	69520495	CpG: 36	453	36	315	15.9	69.5	0.68
1119	chrX	70070365	70070827	CpG: 39	462	39	311	16.9	67.3	0.75
1120	chrX	70163550	70163820	CpG: 25	270	25	169	18.5	62.6	0.95
1120	chrX	70232622	70232903	CpG: 32	281	32	198	22.8	70.5	0.92
1122	chrX	70473515	70474477	CpG: 83	962	83	665	17.3	69.1	0.72
1123	chrX	70587881	70588185	CpG: 34	304	34	214	22.4	70.4	0.92
1123	chrX	70599226	70599717	CpG: 34	491	34	308	13.8	62.7	0.7
1124	chrX	70667278	70667787	CpG: 37	509	37	311	14.5	61.1	0.78
1124	chrX	70748417	70748944	CpG: 46	527	46	308	17.5	58.4	1.02
1125	chrX	70882595	70882899	CpG: 25	304	25	204	16.4	67.1	0.74
1125	chrX	70884798	70885755	CpG: 67	957	67	605	14	63.2	0.7
1125	chrX	70905037	70905243	CpG: 23	206	23	146	22.3	70.9	0.9
1126	chrX	70918486	70918823	CpG: 42	337	42	249	24.9	73.9	0.92
1126	chrX	70919131	70919386	CpG: 26	255	26	164	20.4	64.3	0.99
1126	chrX	70961415	70962009	CpG: 50	594	50	391	16.8	65.8	0.78
1126	chrX	71032235	71032828	CpG: 54	593	54	381	18.2	64.2	0.89
1127	chrX	71068781	71069034	CpG: 23	253	23	169	18.2	66.8	0.82
1127	chrX	71069689	71070433	CpG: 72	744	72	527	19.4	70.8	0.78
1127	chrX	71166931	71167684	CpG: 62	753	62	469	16.5	62.3	0.85
1128	chrX	71211161	71213223	CpG: 135	2062	135	1235	13.1	59.9	0.74
1128	chrX	71268723	71269295	CpG: 54	572	54	337	18.9	58.9	1.09
1129	chrX	71330349	71331062	CpG: 78	713	78	483	21.9	67.7	0.95
1130	chrX	71491114	71492049	CpG: 71	935	71	568	15.2	60.7	0.82
1130	chrX	71499915	71500588	CpG: 53	673	53	419	15.8	62.3	0.83
1130	chrX	71516040	71516251	CpG: 18	211	18	118	17.1	55.9	1.1
1130	chrX	71558268	71558796	CpG: 42	528	42	302	15.9	57.2	0.97
1131	chrX	71574281	71574542	CpG: 27	261	27	193	20.7	73.9	0.76
1131	chrX	71613584	71614037	CpG: 35	453	35	287	15.5	63.4	0.78
1131	chrX	71618430	71618779	CpG: 29	349	29	228	16.6	65.3	0.81
1131	chrX	71638316	71638547	CpG: 17	231	17	145	14.7	62.8	0.76
1131	chrX	71674084	71674412	CpG: 24	328	24	198	14.6	60.4	0.81
1136	chrX	72341183	72341576	CpG: 30	393	30	220	15.3	56	0.98
1137	chrX	72376056	72376564	CpG: 36	508	36	300	14.2	59.1	0.82
1137	chrX	72388536	72388941	CpG: 45	405	45	282	22.2	69.6	0.92
1139	chrX	72661623	72662063	CpG: 41	440	41	298	18.6	67.7	0.82
1139	chrX	72720741	72721004	CpG: 33	263	33	186	25.1	70.7	1
1140	chrX	72823105	72823448	CpG: 25	343	25	216	14.6	63	0.74
1141	chrX	72968963	72969296	CpG: 42	333	42	246	25.2	73.9	0.92
1143	chrX	73211818	73212166	CpG: 33	348	33	235	19	67.5	0.84
1154	chrX	74678926	74679136	CpG: 18	210	18	137	17.1	65.2	0.81
1155	chrX	74756058	74757080	CpG: 104	1022	104	701	20.4	68.6	0.87
1157	chrX	75040560	75041429	CpG: 80	869	80	574	18.4	66.1	0.85
1163	chrX	75828928	75829177	CpG: 22	249	22	161	17.7	64.7	0.92
1182	chrX	78315782	78316576	CpG: 69	794	69	520	17.4	65.5	0.81
1216	chrX	82818997	82819814	CpG: 86	817	86	573	21.1	70.1	0.87
1218	chrX	83021877	83022537	CpG: 55	660	55	438	16.7	66.4	0.76
1221	chrX	83437019	83437653	CpG: 49	634	49	417	15.5	65.8	0.72
1275	chrX	90531718	90531947	CpG: 23	229	23	147	20.1	64.2	0.98
1275	chrX	90533775	90534693	CpG: 83	918	83	562	18.1	61.2	0.97
1275	chrX	90539963	90540206	CpG: 23	243	23	180	18.9	74.1	0.72
1275	chrX	90542409	90542781	CpG: 40	372	40	265	21.5	71.2	0.85
1275	chrX	90544416	90544675	CpG: 24	259	24	171	18.5	66	0.86
1278	chrX	90877288	90877774	CpG: 44	486	44	301	18.1	61.9	0.95
1279	chrX	91077216	91077714	CpG: 60	498	60	350	24.1	70.3	0.98
1280	chrX	91167469	91168389	CpG: 88	920	88	619	19.1	67.3	0.88
19	chrX	91225941	91226415	CpG: 43	474	43	286	18.1	60.3	1.01
1281	chrX	91234015	91234232	CpG: 25	217	25	160	23	73.7	0.85
1282	chrX	91367426	91369017	CpG: 164	1591	164	1006	20.6	63.2	1.04
1282	chrX	91422973	91423216	CpG: 17	243	17	145	14	59.7	0.8
1282	chrX	91423319	91423591	CpG: 31	272	31	166	22.8	61	1.26
1282	chrX	91457999	91458651	CpG: 50	652	50	369	15.3	56.6	0.96
1282	chrX	91479634	91480855	CpG: 103	1221	103	769	16.9	63	0.86
1283	chrX	91611985	91612490	CpG: 45	505	45	326	17.8	64.6	0.86
1285	chrX	91786406	91787425	CpG: 78	1019	78	624	15.3	61.2	0.84
160	chrX	91881410	91881902	CpG: 49	492	49	332	19.9	67.5	0.9
1286	chrX	91969837	91971870	CpG: 165	2033	165	1179	16.2	58	0.97
1286	chrX	91972009	91972217	CpG: 17	208	17	128	16.3	61.5	0.86
1287	chrX	92019085	92019586	CpG: 44	501	44	300	17.6	59.9	1.02
1287	chrX	92041319	92041527	CpG: 17	208	17	128	16.3	61.5	0.86
1287	chrX	92041666	92043698	CpG: 158	2032	158	1146	15.6	56.4	0.98
1288	chrX	92185924	92186148	CpG: 18	224	18	162	16.1	72.3	0.66
1288	chrX	92221771	92222039	CpG: 23	268	23	165	17.2	61.6	0.91
1289	chrX	92391737	92391971	CpG: 16	234	16	151	13.7	64.5	0.66
1291	chrX	92639637	92639857	CpG: 20	220	20	149	18.2	67.7	0.84
1293	chrX	92906908	92907460	CpG: 46	552	46	366	16.7	66.3	0.77
1295	chrX	93152105	93152424	CpG: 26	319	26	192	16.3	60.2	0.92
1295	chrX	93163687	93163925	CpG: 17	238	17	160	14.3	67.2	0.71
1296	chrX	93291297	93291608	CpG: 30	311	30	203	19.3	65.3	0.91
1304	chrX	94267831	94268035	CpG: 16	204	16	138	15.7	67.6	0.69
1318	chrX	96085743	96086399	CpG: 47	656	47	413	14.3	63	0.72
1318	chrX	96133293	96133538	CpG: 32	245	32	170	26.1	69.4	1.09
1319	chrX	96237928	96238461	CpG: 39	533	39	339	14.6	63.6	0.72
1319	chrX	96331450	96332589	CpG: 98	1139	98	741	17.2	65.1	0.84
1320	chrX	96412035	96412543	CpG: 58	508	58	370	22.8	72.8	0.86
1322	chrX	96665754	96666195	CpG: 40	441	40	300	18.1	68	0.79
1325	chrX	97015201	97016948	CpG: 143	1747	143	952	16.4	54.5	1.1
1325	chrX	97048633	97049076	CpG: 35	443	35	312	15.8	70.4	0.64
1329	chrX	97624362	97624731	CpG: 28	369	28	214	15.2	58	0.9
1331	chrX	97821116	97821608	CpG: 45	492	45	301	18.3	61.2	0.98
1332	chrX	97972341	97972745	CpG: 37	404	37	236	18.3	58.4	1.08
1334	chrX	98254930	98255254	CpG: 30	324	30	187	18.5	57.7	1.13
1335	chrX	98417519	98417929	CpG: 35	410	35	244	17.1	59.5	0.98
1336	chrX	98449371	98450561	CpG: 78	1190	78	739	13.1	62.1	0.71
1336	chrX	98469183	98469442	CpG: 23	259	23	168	17.8	64.9	0.85
1337	chrX	98580045	98580342	CpG: 25	297	25	186	16.8	62.6	0.87
1337	chrX	98614977	98615427	CpG: 39	450	39	308	17.3	68.4	0.74
1337	chrX	98624777	98625299	CpG: 42	522	42	318	16.1	60.9	0.87
1338	chrX	98727825	98728424	CpG: 41	599	41	347	13.7	57.9	0.82
1339	chrX	98891151	98893335	CpG: 227	2184	227	1450	20.8	66.4	1.14
1339	chrX	98893640	98893845	CpG: 17	205	17	126	16.6	61.5	0.9
1340	chrX	98963850	98964051	CpG: 16	201	16	121	15.9	60.2	0.88
1340	chrX	98989510	98990090	CpG: 42	580	42	351	14.5	60.5	0.79
1340	chrX	99044718	99045841	CpG: 120	1123	120	795	21.4	70.8	0.86
1342	chrX	99266290	99266790	CpG: 48	500	48	334	19.2	66.8	0.87
167	chrX	99352361	99352719	CpG: 31	358	31	210	17.3	58.7	1.03
1343	chrX	99373805	99374125	CpG: 33	320	33	215	20.6	67.2	0.93
1343	chrX	99384529	99384761	CpG: 22	232	22	150	19	64.7	0.91
1343	chrX	99445386	99447669	CpG: 198	2283	198	1461	17.3	64	0.85
1346	chrX	99839216	99839721	CpG: 54	505	54	353	21.4	69.9	0.88
1348	chrX	100128925	100129611	CpG: 67	686	67	497	19.5	72.4	0.75
1349	chrX	100208998	100209722	CpG: 53	724	53	444	14.6	61.3	0.78
1349	chrX	100261890	100262614	CpG: 53	724	53	444	14.6	61.3	0.78
1350	chrX	100360647	100360899	CpG: 30	252	30	167	23.8	66.3	1.08
1351	chrX	100423047	100423269	CpG: 17	222	17	133	15.3	59.9	0.85
1352	chrX	100551595	100551968	CpG: 30	373	30	230	16.1	61.7	0.92
1352	chrX	100643075	100643324	CpG: 23	249	23	152	18.5	61	0.99
1353	chrX	100677429	100677689	CpG: 22	260	22	142	16.9	54.6	1.18
1353	chrX	100688687	100689169	CpG: 48	482	48	308	19.9	63.9	0.98
1354	chrX	100810188	100810443	CpG: 19	255	19	161	14.9	63.1	0.77
1354	chrX	100812177	100812437	CpG: 25	260	25	132	19.2	50.8	1.51
1354	chrX	100818864	100819108	CpG: 25	244	25	151	20.5	61.9	1.07
1354	chrX	100890439	100890955	CpG: 42	516	42	350	16.3	67.8	0.73
1356	chrX	101176015	101176563	CpG: 55	548	55	372	20.1	67.9	0.88
1358	chrX	101394975	101396407	CpG: 159	1432	159	937	22.2	65.4	1.04
1359	chrX	101543575	101543835	CpG: 28	260	28	178	21.5	68.5	0.92
1360	chrX	101608980	101609271	CpG: 36	291	36	193	24.7	66.3	1.13
1360	chrX	101678274	101678500	CpG: 16	226	16	135	14.2	59.7	0.8
1362	chrX	101866044	101866316	CpG: 30	272	30	194	22.1	71.3	0.87
1363	chrX	102052126	102052428	CpG: 25	302	25	188	16.6	62.3	0.86
1365	chrX	102274962	102275182	CpG: 25	220	25	139	22.7	63.2	1.14
1365	chrX	102315639	102317081	CpG: 99	1442	99	926	13.7	64.2	0.67
1365	chrX	102347393	102347674	CpG: 25	281	25	194	17.8	69	0.78
1370	chrX	102959680	102960636	CpG: 88	956	88	601	18.4	62.9	0.93
1371	chrX	103123442	103124536	CpG: 92	1094	92	600	16.8	54.8	1.13
1372	chrX	103206895	103207432	CpG: 43	537	43	313	16	58.3	0.95
1372	chrX	103222431	103222747	CpG: 30	316	30	220	19	69.6	0.79
1373	chrX	103382182	103382663	CpG: 34	481	34	256	14.1	53.2	1
1373	chrX	103414785	103415223	CpG: 41	438	41	301	18.7	68.7	0.8
1374	chrX	103415866	103416096	CpG: 16	230	16	119	13.9	51.7	1.07
1386	chrX	105011233	105011902	CpG: 49	669	49	419	14.6	62.6	0.75
1393	chrX	106029393	106029633	CpG: 22	240	22	159	18.3	66.2	0.84
1395	chrX	106208672	106208980	CpG: 24	308	24	175	15.6	56.8	0.97
1409	chrX	108010042	108010245	CpG: 21	203	21	129	20.7	63.5	1.06
1413	chrX	108576136	108577244	CpG: 99	1108	99	768	17.9	69.3	0.75
1415	chrX	108810568	108810774	CpG: 15	206	15	115	14.6	55.8	0.93
1416	chrX	109008022	109009168	CpG: 100	1146	100	637	17.5	55.6	1.14
1422	chrX	109714096	109715391	CpG: 149	1295	149	917	23	70.8	0.92
1477	chrX	117040753	117040961	CpG: 18	208	18	137	17.3	65.9	0.82
1480	chrX	117403940	117404349	CpG: 27	409	27	243	13.2	59.4	0.75
1480	chrX	117406476	117406748	CpG: 28	272	28	187	20.6	68.8	0.87
1502	chrX	120216878	120217546	CpG: 63	668	63	467	18.9	69.9	0.77
1548	chrX	126284127	126284898	CpG: 65	771	65	470	16.9	61	0.91
1578	chrX	130221160	130222396	CpG: 114	1236	114	827	18.4	66.9	0.82
1578	chrX	130223169	130223620	CpG: 32	451	32	272	14.2	60.3	0.8
1580	chrX	130432816	130433038	CpG: 20	222	20	127	18	57.2	1.1
1581	chrX	130593636	130594212	CpG: 65	576	65	396	22.6	68.8	0.96
1583	chrX	130842523	130842756	CpG: 31	233	31	159	26.6	68.2	1.15
1584	chrX	131009534	131011163	CpG: 120	1629	120	1008	14.7	61.9	0.78
1584	chrX	131023469	131023700	CpG: 25	231	25	165	21.6	71.4	0.86
1585	chrX	131075969	131076386	CpG: 47	417	47	269	22.5	64.5	1.09
1585	chrX	131119981	131120639	CpG: 45	658	45	370	13.7	56.2	0.87
1585	chrX	131135693	131136454	CpG: 57	761	57	406	15	53.4	1.06
1585	chrX	131160428	131160683	CpG: 26	255	26	183	20.4	71.8	0.79
1586	chrX	131220923	131221166	CpG: 25	243	25	173	20.6	71.2	0.83
1588	chrX	131543354	131543645	CpG: 32	291	32	206	22	70.8	0.88
1588	chrX	131570539	131570752	CpG: 18	213	18	139	16.9	65.3	0.81
1594	chrX	132276969	132277481	CpG: 42	512	42	291	16.4	56.8	1.02
1594	chrX	132330588	132331036	CpG: 34	448	34	301	15.2	67.2	0.68
1594	chrX	132373514	132373838	CpG: 25	324	25	216	15.4	66.7	0.7
1595	chrX	132420337	132420797	CpG: 41	460	41	323	17.8	70.2	0.73
1596	chrX	132528316	132528624	CpG: 35	308	35	195	22.7	63.3	1.13
1596	chrX	132567863	132568171	CpG: 36	308	36	196	23.4	63.6	1.15
1596	chrX	132602390	132602830	CpG: 61	440	61	345	27.7	78.4	0.93
1597	chrX	132673492	132674010	CpG: 55	518	55	366	21.2	70.7	0.86
1597	chrX	132749570	132750088	CpG: 54	518	54	366	20.8	70.7	0.85
1598	chrX	132804699	132805139	CpG: 60	440	60	344	27.3	78.2	0.92
1601	chrX	133276063	133276751	CpG: 58	688	58	421	16.9	61.2	0.92
1603	chrX	133462232	133462558	CpG: 23	326	23	174	14.1	53.4	0.99
1603	chrX	133464061	133464283	CpG: 16	222	16	144	14.4	64.9	0.72
1604	chrX	133572553	133572909	CpG: 29	356	29	226	16.3	63.5	0.84
1604	chrX	133583968	133584429	CpG: 41	461	41	302	17.8	65.5	0.84
1604	chrX	133652687	133653002	CpG: 23	315	23	203	14.6	64.4	0.71
1604	chrX	133653069	133653292	CpG: 16	223	16	144	14.3	64.6	0.69
1604	chrX	133653438	133653821	CpG: 56	383	56	282	29.2	73.6	1.16
1608	chrX	134105449	134105731	CpG: 27	282	27	201	19.1	71.3	0.76
1618	chrX	135448761	135449024	CpG: 27	263	27	191	20.5	72.6	0.81
1621	chrX	135892924	135893133	CpG: 16	209	16	137	15.3	65.6	0.73
1623	chrX	136145107	136145731	CpG: 77	624	77	447	24.7	71.6	0.96
1625	chrX	136405470	136406317	CpG: 88	847	88	611	20.8	72.1	0.8
1627	chrX	136595617	136597282	CpG: 176	1665	176	1182	21.1	71	0.87
1628	chrX	136812069	136813186	CpG: 107	1117	107	703	19.2	62.9	0.97
1630	chrX	136991143	136991790	CpG: 45	647	45	381	13.9	58.9	0.84
1631	chrX	137132748	137135114	CpG: 202	2366	202	1365	17.1	57.7	1.03
1631	chrX	137199274	137200336	CpG: 88	1062	88	682	16.6	64.2	0.81
1639	chrX	138156128	138156697	CpG: 50	569	50	358	17.6	62.9	0.89
1639	chrX	138159060	138159978	CpG: 85	918	85	604	18.5	65.8	0.86
1643	chrX	138740056	138740502	CpG: 34	446	34	291	15.2	65.2	0.72
1644	chrX	138824695	138825401	CpG: 67	706	67	487	19	69	0.8
1646	chrX	139115970	139116559	CpG: 58	589	58	453	19.7	76.9	0.69
1648	chrX	139400327	139401551	CpG: 99	1224	99	752	16.2	61.4	0.87
1658	chrX	140752413	140753950	CpG: 127	1537	127	1011	16.5	65.8	0.8
1661	chrX	141123410	141123729	CpG: 24	319	24	223	15	69.9	0.62
1679	chrX	143397201	143397776	CpG: 53	575	53	351	18.4	61	1.01
1683	chrX	143988108	143988775	CpG: 46	667	46	414	13.8	62.1	0.72
1686	chrX	144375362	144375673	CpG: 21	311	21	209	13.5	67.2	0.62
1700	chrX	146163481	146163792	CpG: 22	311	22	210	14.1	67.5	0.64
1705	chrX	146893566	146893776	CpG: 21	210	21	116	20	55.2	1.31
1706	chrX	147022510	147022806	CpG: 24	296	24	182	16.2	61.5	0.86
1707	chrX	147091686	147091912	CpG: 16	226	16	137	14.2	60.6	0.81
1708	chrX	147247492	147247730	CpG: 18	238	18	147	15.1	61.8	0.88
1709	chrX	147451752	147451996	CpG: 23	244	23	159	18.9	65.2	0.89
1710	chrX	147481381	147482346	CpG: 104	965	104	665	21.6	68.9	0.91
1710	chrX	147530844	147531099	CpG: 20	255	20	163	15.7	63.9	0.79
1711	chrX	147603748	147604243	CpG: 50	495	50	309	20.2	62.4	1.04
1712	chrX	147778700	147779409	CpG: 68	709	68	498	19.2	70.2	0.78
1713	chrX	147954839	147955761	CpG: 79	922	79	590	17.1	64	0.84
1715	chrX	148237525	148238498	CpG: 93	973	93	591	19.1	60.7	1.06
1717	chrX	148450789	148451522	CpG: 54	733	54	418	14.7	57	0.91
1718	chrX	148578702	148579670	CpG: 85	968	85	592	17.6	61.2	0.94
1719	chrX	148667949	148668329	CpG: 37	380	37	251	19.5	66.1	0.89
1720	chrX	148771115	148771375	CpG: 19	260	19	162	14.6	62.3	0.76
1720	chrX	148776798	148777142	CpG: 29	344	29	238	16.9	69.2	0.74
1723	chrX	149203707	149204624	CpG: 87	917	87	596	19	65	0.9
1723	chrX	149216552	149216781	CpG: 16	229	16	147	14	64.2	0.69
1724	chrX	149344493	149344737	CpG: 22	244	22	145	18	59.4	1.02
1725	chrX	149441637	149442166	CpG: 43	529	43	338	16.3	63.9	0.8
1725	chrX	149471728	149472213	CpG: 38	485	38	298	15.7	61.4	0.83
1726	chrX	149574289	149574665	CpG: 29	376	29	243	15.4	64.6	0.74
1726	chrX	149672386	149672717	CpG: 25	331	25	204	15.1	61.6	0.8
1728	chrX	149932619	149933012	CpG: 45	393	45	248	22.9	63.1	1.15
1742	chrX	151650786	151651133	CpG: 28	347	28	213	16.1	61.4	0.86
1742	chrX	151696941	151697307	CpG: 30	366	30	245	16.4	66.9	0.73
1742	chrX	151740524	151740725	CpG: 14	201	14	110	13.9	54.7	0.96
1742	chrX	151772686	151773096	CpG: 41	410	41	248	20	60.5	1.12
1745	chrX	152057202	152058377	CpG: 103	1175	103	756	17.5	64.3	0.85
1745	chrX	152059191	152059504	CpG: 29	313	29	200	18.5	63.9	0.92
1759	chrX	153929266	153930268	CpG: 105	1002	105	631	21	63	1.06
1759	chrX	154006783	154007043	CpG: 25	260	25	134	19.2	51.5	1.45
1760	chrX	154036090	154036821	CpG: 73	731	73	462	20	63.2	1.01
1763	chrX	154480388	154481836	CpG: 150	1448	150	998	20.7	68.9	0.87
1772	chrX	155693550	155694706	CpG: 113	1156	113	805	19.6	69.6	0.84
1773	chrX	155810121	155810640	CpG: 49	519	49	343	18.9	66.1	0.87
1774	chrX	155852162	155853449	CpG: 120	1287	120	822	18.6	63.9	0.93
1774	chrX	155970403	155971287	CpG: 78	884	78	598	17.6	67.6	0.78
1775	chrX	156064875	156065875	CpG: 92	1000	92	588	18.4	58.8	1.06
1778	chrX	156426002	156426731	CpG: 71	729	71	426	19.5	58.4	1.15
1779	chrX	156575899	156576389	CpG: 53	490	53	350	21.6	71.4	0.85
1781	chrX	156828610	156828909	CpG: 24	299	24	198	16.1	66.2	0.77
1782	chrX	156940033	156940803	CpG: 59	770	59	489	15.3	63.5	0.76
1784	chrX	157203765	157204017	CpG: 18	252	18	151	14.3	59.9	0.8
1786	chrX	157431998	157432898	CpG: 80	900	80	583	17.8	64.8	0.86
1788	chrX	157736188	157736406	CpG: 18	218	18	148	16.5	67.9	0.73
1791	chrX	158155039	158155825	CpG: 60	786	60	502	15.3	63.9	0.75
1793	chrX	158346174	158347167	CpG: 71	993	71	608	14.3	61.2	0.76
224	chrX	158596748	158597961	CpG: 101	1213	101	727	16.7	59.9	0.93
1798	chrX	159081232	159081749	CpG: 45	517	45	303	17.4	58.6	1.03
1799	chrX	159198021	159199332	CpG: 141	1311	141	872	21.5	66.5	0.99
1800	chrX	159266521	159267674	CpG: 86	1153	86	743	14.9	64.4	0.72
1800	chrX	159326040	159326427	CpG: 40	387	40	276	20.7	71.3	0.85
1807	chrX	160198816	160199044	CpG: 20	228	20	137	17.5	60.1	0.97
1808	chrX	160346515	160347628	CpG: 113	1113	113	757	20.3	68	0.89
1808	chrX	160396135	160396732	CpG: 58	597	58	397	19.4	66.5	0.92
1809	chrX	160513847	160514534	CpG: 59	687	59	436	17.2	63.5	0.88
1812	chrX	160857456	160857915	CpG: 39	459	39	280	17	61	0.93
1825	chrX	162608217	162608491	CpG: 23	274	23	172	16.8	62.8	0.92
1826	chrX	162676759	162677401	CpG: 58	642	58	400	18.1	62.3	0.94
1827	chrX	162878238	162879004	CpG: 63	766	63	464	16.4	60.6	0.9
1827	chrX	162917414	162917671	CpG: 19	257	19	151	14.8	58.8	0.87
1828	chrX	162947999	162948661	CpG: 59	662	59	435	17.8	65.7	0.83
1834	chrX	163819971	163820348	CpG: 29	377	29	249	15.4	66	0.71
1840	chrX	164560918	164561233	CpG: 24	315	24	218	15.2	69.2	0.64
1844	chrX	165111296	165112326	CpG: 108	1030	108	715	21	69.4	0.87
1845	chrX	165234148	165234612	CpG: 37	464	37	296	15.9	63.8	0.79
1849	chrX	165757912	165758642	CpG: 103	730	103	519	28.2	71.1	1.13
1854	chrX	166422856	166423112	CpG: 19	256	19	141	14.8	55.1	1.02
1854	chrX	166424764	166425712	CpG: 72	948	72	532	15.2	56.1	0.97
1854	chrX	166426744	166427231	CpG: 52	487	52	317	21.4	65.1	1.02
1854	chrX	166428041	166428366	CpG: 35	325	35	189	21.5	58.2	1.28
1854	chrX	166431937	166432167	CpG: 30	230	30	170	26.1	73.9	1
1854	chrX	166434886	166436266	CpG: 127	1380	127	976	18.4	70.7	0.74
